0 0.0421875 0.44921875 0.084375 0.3421875
0 0.08359375 0.4421875 0.0984375 0.3125
0 0.13359375 0.43828125 0.0984375 0.2984375
0 0.18671875 0.4390625 0.0984375 0.309375
0 0.2375 0.43671875 0.1 0.3140625
0 0.2921875 0.4375 0.1 0.321875
0 0.34140625 0.42421875 0.0984375 0.3140625
0 0.3921875 0.4234375 0.1 0.3125
0 0.44140625 0.40859375 0.0984375 0.3109375
0 0.4890625 0.396875 0.1 0.315625
0 0.5390625 0.3953125 0.1 0.321875
0 0.590625 0.39453125 0.1 0.3234375
0 0.640625 0.39140625 0.096875 0.3171875
0 0.68828125 0.3859375 0.1078125 0.334375
0 0.73828125 0.37734375 0.1015625 0.3265625
0 0.78828125 0.3671875 0.0984375 0.309375
0 0.8390625 0.3671875 0.1 0.31875
0 0.88828125 0.3640625 0.1046875 0.340625
