0 0.09765625 0.61328125 0.0703125 0.1140625
0 0.46015625 0.6421875 0.0546875 0.115625
0 0.33828125 0.63515625 0.0578125 0.1171875
0 0.39921875 0.6359375 0.0578125 0.11875
0 0.03828125 0.60859375 0.0671875 0.1078125
0 0.15546875 0.61796875 0.0640625 0.1109375
0 0.5265625 0.634375 0.05625 0.115625
0 0.5859375 0.625 0.059375 0.115625
0 0.27734375 0.6328125 0.0609375 0.1125
0 0.70390625 0.5671875 0.0609375 0.109375
0 0.21875 0.6078125 0.059375 0.109375
0 0.6484375 0.6171875 0.05625 0.115625
0 0.77109375 0.575 0.0609375 0.1125
0 0.83515625 0.5671875 0.0546875 0.109375
0 0.89765625 0.56640625 0.0671875 0.1109375
