0 0.090625 0.5859375 0.075 0.115625
0 0.4515625 0.63984375 0.059375 0.1171875
0 0.328125 0.6234375 0.0625 0.11875
0 0.390625 0.62890625 0.0625 0.1203125
0 0.03359375 0.575 0.0671875 0.109375
0 0.1484375 0.59375 0.06875 0.1125
0 0.5171875 0.63671875 0.059375 0.1171875
0 0.57734375 0.63046875 0.0640625 0.1171875
0 0.26875 0.61796875 0.065625 0.1140625
0 0.69765625 0.58125 0.0640625 0.1125
0 0.21171875 0.58828125 0.0640625 0.1109375
0 0.6390625 0.62734375 0.059375 0.1171875
0 0.7640625 0.59296875 0.065625 0.1140625
0 0.8296875 0.5890625 0.059375 0.1125
0 0.890625 0.59375 0.071875 0.1125
