0 0.446875 0.5046875 0.065625 0.0859375
0 0.5296875 0.50390625 0.065625 0.0828125
0 0.36875 0.5078125 0.0609375 0.084375
0 0.725 0.39375 0.0734375 0.0953125
0 0.9734375 0.4984375 0.053125 0.09375
0 0.90703125 0.5 0.0671875 0.096875
0 0.6578125 0.4 0.0734375 0.0984375
0 0.8328125 0.49921875 0.0671875 0.0953125
0 0.68046875 0.503125 0.0671875 0.09375
0 0.7515625 0.49921875 0.0671875 0.0921875
0 0.60625 0.50546875 0.065625 0.0921875
0 0.58125 0.40234375 0.075 0.0953125
0 0.509375 0.403125 0.0734375 0.096875
0 0.2828125 0.50546875 0.0625 0.0859375
0 0.0671875 0.525 0.096875 0.121875
0 0.4359375 0.403125 0.071875 0.0984375
