0 0.36015625 0.396875 0.0796875 0.096875
0 0.4359375 0.40078125 0.078125 0.0921875
0 0.28515625 0.39453125 0.0859375 0.1015625
0 0.5 0.40625 0.071875 0.0875
0 0.5640625 0.41171875 0.06875 0.0859375
0 0.8921875 0.43515625 0.065625 0.0765625
0 0.2078125 0.384375 0.084375 0.1
0 0.61875 0.4125 0.071875 0.08125
0 0.0515625 0.35625 0.084375 0.11875
0 0.84765625 0.434375 0.0640625 0.071875
0 0.68359375 0.41875 0.0703125 0.078125
0 0.73359375 0.42109375 0.0703125 0.0796875
0 0.128125 0.378125 0.084375 0.10625
0 0.79375 0.42734375 0.06875 0.0765625
