0 0.80625 0.44765625 0.0671875 0.0796875
0 0.63046875 0.47578125 0.0578125 0.0765625
0 0.0390625 0.575 0.0734375 0.0984375
0 0.91796875 0.4296875 0.0578125 0.06875
0 0.3140625 0.528125 0.06875 0.0921875
0 0.50546875 0.49375 0.0609375 0.084375
0 0.68671875 0.4625 0.0609375 0.078125
0 0.7453125 0.45625 0.06875 0.078125
0 0.56640625 0.48359375 0.0578125 0.0796875
0 0.24453125 0.540625 0.0703125 0.0953125
0 0.86328125 0.440625 0.0546875 0.071875
0 0.3828125 0.5171875 0.065625 0.0875
0 0.175 0.55 0.0703125 0.09375
0 0.1046875 0.5625 0.075 0.0984375
0 0.44375 0.50625 0.0640625 0.0875
