0 0.3296875 0.51796875 0.0546875 0.0890625
0 0.796875 0.509375 0.0484375 0.0859375
0 0.75 0.509375 0.05 0.0859375
0 0.1 0.5203125 0.0578125 0.09375
0 0.84609375 0.509375 0.0453125 0.084375
0 0.5421875 0.5109375 0.0515625 0.0828125
0 0.215625 0.5171875 0.05625 0.0921875
0 0.4890625 0.51328125 0.053125 0.0859375
0 0.38359375 0.515625 0.0515625 0.0875
0 0.4375 0.515625 0.053125 0.0875
0 0.1578125 0.51875 0.05625 0.0921875
0 0.64765625 0.51171875 0.0484375 0.0828125
0 0.59609375 0.5109375 0.0484375 0.078125
0 0.6984375 0.5109375 0.05 0.084375
0 0.271875 0.52109375 0.05625 0.0921875
0 0.509375 0.0421875 0.065625 0.084375
