0 0.3625 0.46875 0.065625 0.084375
0 0.1078125 0.46875 0.08125 0.0890625
0 0.5546875 0.465625 0.059375 0.084375
0 0.4296875 0.4671875 0.0625 0.08125
0 0.234375 0.4734375 0.071875 0.084375
0 0.1703125 0.471875 0.08125 0.0875
0 0.2984375 0.46875 0.06875 0.084375
0 0.8078125 0.46875 0.0671875 0.084375
0 0.68125 0.465625 0.0625 0.0875
0 0.6171875 0.465625 0.0609375 0.084375
0 0.74296875 0.46875 0.0609375 0.0828125
0 0.49296875 0.4671875 0.0578125 0.0828125
0 0.86640625 0.4671875 0.0421875 0.0859375
