0 0.09609375 0.50625 0.0640625 0.0796875
0 0.703125 0.490625 0.0578125 0.075
0 0.20078125 0.5046875 0.0546875 0.078125
0 0.6359375 0.49140625 0.053125 0.0734375
0 0.5140625 0.4984375 0.0546875 0.071875
0 0.4546875 0.5 0.05625 0.075
0 0.575 0.49375 0.053125 0.075
0 0.9390625 0.4890625 0.05625 0.06875
0 0.39375 0.503125 0.0546875 0.0765625
0 0.33125 0.50625 0.053125 0.078125
0 0.7625 0.49140625 0.0578125 0.0765625
0 0.4375 0.4234375 0.0546875 0.075
0 0.26796875 0.50625 0.0515625 0.075
0 0.8234375 0.490625 0.05625 0.075
0 0.0296875 0.5078125 0.059375 0.0796875
0 0.8796875 0.490625 0.059375 0.075
0 0.984375 0.4859375 0.0296875 0.0671875
