0 0.7953125 0.40078125 0.078125 0.0890625
0 0.62421875 0.4546875 0.0703125 0.084375
0 0.05625 0.646875 0.0875 0.109375
0 0.9015625 0.36640625 0.06875 0.0765625
0 0.32109375 0.55859375 0.0828125 0.1015625
0 0.5046875 0.49296875 0.071875 0.0921875
0 0.6796875 0.43359375 0.071875 0.0859375
0 0.73515625 0.41875 0.0796875 0.0875
0 0.56328125 0.4734375 0.0703125 0.0875
0 0.2546875 0.58203125 0.084375 0.1046875
0 0.85 0.384375 0.065625 0.078125
0 0.3875 0.534375 0.078125 0.096875
0 0.18671875 0.60078125 0.0828125 0.1046875
0 0.11875 0.62421875 0.0875 0.1078125
0 0.44609375 0.515625 0.0765625 0.096875
