0 0.36015625 0.4921875 0.0796875 0.09375
0 0.10859375 0.5375 0.0953125 0.1
0 0.54765625 0.4578125 0.0734375 0.09375
0 0.425 0.4796875 0.075 0.090625
0 0.23359375 0.51953125 0.0859375 0.0953125
0 0.17109375 0.5296875 0.0953125 0.1
0 0.2953125 0.50390625 0.08125 0.0953125
0 0.79921875 0.415625 0.0796875 0.09375
0 0.67265625 0.4359375 0.0765625 0.096875
0 0.61015625 0.4453125 0.0734375 0.09375
0 0.73359375 0.428125 0.0734375 0.090625
0 0.4875 0.46875 0.071875 0.090625
0 0.85625 0.4046875 0.05625 0.090625
