0 0.71015625 0.325 0.0765625 0.090625
0 0.77265625 0.31171875 0.0765625 0.0921875
0 0.2640625 0.44140625 0.078125 0.0953125
0 0.19375 0.45546875 0.08125 0.0984375
0 0.87734375 0.28046875 0.0671875 0.0796875
0 0.33125 0.41875 0.075 0.090625
0 0.1203125 0.48046875 0.08125 0.1046875
0 0.93671875 0.2671875 0.0703125 0.08125
0 0.04609375 0.49921875 0.0796875 0.1078125
0 0.403125 0.40625 0.075 0.090625
0 0.4671875 0.3890625 0.071875 0.0875
0 0.65 0.340625 0.06875 0.084375
0 0.528125 0.36875 0.071875 0.0875
0 0.590625 0.35625 0.06875 0.084375
0 0.82421875 0.28046875 0.0703125 0.0828125
