0 0.22265625 0.27421875 0.1109375 0.0765625
0 0.11171875 0.19375 0.1203125 0.075
0 0.17421875 0.2359375 0.1171875 0.078125
0 0.73828125 0.65859375 0.0734375 0.0828125
0 0.6734375 0.621875 0.0875 0.096875
0 0.8546875 0.74765625 0.08125 0.0953125
0 0.7984375 0.70859375 0.084375 0.0984375
0 0.91484375 0.78515625 0.0640625 0.0796875
0 0.62265625 0.57109375 0.0640625 0.0734375
0 0.56328125 0.534375 0.0609375 0.078125
0 0.50546875 0.4921875 0.0609375 0.065625
0 0.4515625 0.4515625 0.059375 0.071875
0 0.39609375 0.396875 0.0765625 0.071875
0 0.33359375 0.35859375 0.0765625 0.0703125
0 0.27265625 0.309375 0.0890625 0.06875
