0 0.2921875 0.48125 0.065625 0.0921875
0 0.4703125 0.5640625 0.078125 0.1125
0 0.3625 0.471875 0.065625 0.090625
0 0.82109375 0.41875 0.0546875 0.06875
0 0.8765625 0.4109375 0.05625 0.0734375
0 0.5375 0.534375 0.0671875 0.0921875
0 0.60859375 0.5375 0.0640625 0.0875
0 0.7625 0.4234375 0.05625 0.075
0 0.221875 0.48359375 0.065625 0.0828125
0 0.703125 0.43125 0.05625 0.078125
0 0.640625 0.4375 0.059375 0.075
0 0.07578125 0.50390625 0.0671875 0.0921875
0 0.15 0.49375 0.0640625 0.090625
0 0.43125 0.46484375 0.071875 0.0921875
