0 0.1515625 0.62265625 0.071875 0.1078125
0 0.8875 0.50234375 0.065625 0.0828125
0 0.35546875 0.58203125 0.0671875 0.0921875
0 0.77578125 0.51171875 0.0640625 0.0828125
0 0.22109375 0.60546875 0.0703125 0.0953125
0 0.28984375 0.60859375 0.0703125 0.1015625
0 0.8375 0.51171875 0.065625 0.0859375
0 0.7234375 0.5140625 0.059375 0.0875
0 0.078125 0.6265625 0.075 0.10625
0 0.66015625 0.5328125 0.0640625 0.0875
0 0.42109375 0.56640625 0.0671875 0.0921875
0 0.540625 0.5421875 0.065625 0.09375
0 0.4765625 0.55 0.065625 0.096875
0 0.59765625 0.53203125 0.0609375 0.0890625
