0 0.440625 0.43359375 0.0625 0.0828125
0 0.37578125 0.4390625 0.0609375 0.084375
0 0.30859375 0.44921875 0.0609375 0.0859375
0 0.4984375 0.42734375 0.0625 0.0828125
0 0.96640625 0.359375 0.0515625 0.075
0 0.175 0.4671875 0.06875 0.09375
0 0.24453125 0.46015625 0.0640625 0.0890625
0 0.55703125 0.41171875 0.0640625 0.0828125
0 0.80234375 0.37578125 0.0578125 0.0796875
0 0.90546875 0.3703125 0.0640625 0.078125
0 0.853125 0.375 0.05625 0.078125
0 0.109375 0.47734375 0.071875 0.0921875
0 0.7390625 0.38203125 0.0625 0.0765625
0 0.67734375 0.390625 0.0640625 0.078125
0 0.62109375 0.39375 0.0578125 0.075
0 0.040625 0.48515625 0.078125 0.0921875
