0 0.434375 0.4390625 0.06875 0.0875
0 0.37109375 0.45 0.0671875 0.0875
0 0.30390625 0.46640625 0.0671875 0.0890625
0 0.4921875 0.42734375 0.06875 0.0859375
0 0.9515625 0.31953125 0.05625 0.0765625
0 0.1734375 0.4953125 0.075 0.096875
0 0.2421875 0.4828125 0.071875 0.09375
0 0.54921875 0.40625 0.0703125 0.0875
0 0.79140625 0.34921875 0.0640625 0.0828125
0 0.89375 0.3359375 0.06875 0.08125
0 0.83984375 0.34375 0.0609375 0.08125
0 0.109375 0.5125 0.078125 0.096875
0 0.728125 0.3625 0.06875 0.08125
0 0.6671875 0.375 0.06875 0.08125
0 0.6109375 0.384375 0.0625 0.078125
0 0.04140625 0.525 0.0828125 0.096875
