0 0.77109375 0.3078125 0.0578125 0.075
0 0.2015625 0.39453125 0.06875 0.0875
0 0.42578125 0.3625 0.0578125 0.0796875
0 0.53828125 0.34609375 0.0625 0.078125
0 0.70859375 0.31796875 0.0609375 0.0765625
0 0.821875 0.3 0.053125 0.0703125
0 0.48359375 0.35390625 0.0609375 0.0765625
0 0.29375 0.38203125 0.0625 0.0828125
0 0.65703125 0.3265625 0.0578125 0.0734375
0 0.13671875 0.4046875 0.0640625 0.084375
0 0.06796875 0.41796875 0.0671875 0.0890625
0 0.35390625 0.37421875 0.0609375 0.08125
0 0.871875 0.29375 0.05625 0.071875
0 0.6015625 0.33515625 0.0609375 0.078125
