0 0.83046875 0.59140625 0.0859375 0.1265625
0 0.76640625 0.57421875 0.0828125 0.1234375
0 0.49765625 0.515625 0.0828125 0.121875
0 0.2265625 0.4578125 0.084375 0.125
0 0.2953125 0.47109375 0.08125 0.1171875
0 0.8953125 0.6015625 0.0875 0.1296875
0 0.16171875 0.4421875 0.0828125 0.121875
0 0.09609375 0.428125 0.0828125 0.121875
0 0.3625 0.4875 0.084375 0.125
0 0.4296875 0.50234375 0.084375 0.1234375
0 0.5609375 0.53125 0.078125 0.121875
0 0.62734375 0.54375 0.0828125 0.121875
0 0.69765625 0.5609375 0.0828125 0.125
